6.575068387781006773e-01 -5.956297549204308101e-06 6.447027855098661757e-08 -8.274000004713329129e-06 -1.782721399749474453e-02 -6.661624442416632032e-06 -4.704597842196845620e-06 -1.499880927192522861e-01 2.645026839893610499e-05 -3.718424117288977121e-06 -2.957126164086495434e-05 -7.335974358082428769e-05 -2.734574851112497895e-04 -3.527584132560340202e-01 -1.716274705014637870e-04 -7.458519743192717588e-05 -7.396559805372548036e-05 8.513859580663876714e-02 1.589407981490909283e-01 -1.031760462031228734e-04 -5.356330658838729552e-05 2.102456653582047136e-05 -1.438623115841562356e-06 1.777708923960363850e-06 -1.097303676869830686e-06 -8.330275212422287397e-06 -3.166811652208709583e-06 2.504908682742106620e-06 -2.100936806242187444e-06 -1.588497545564604554e-05 6.379910910102447448e-06 -1.616558751882358845e-05 -3.226454212734365570e-05 -6.575555034179467184e-02 2.954874856514461828e-02 4.016458797012751166e-06 -2.735036313889368267e-07 -7.204642819318873197e-06 -2.765604631949492388e-06 2.029866739414329450e-05 1.454768937913802336e-05 -1.875233043558395000e-06 -2.084173249048407867e-02 -8.868013610890547230e-06 -1.281664952589960173e-05 -9.467748697478572950e-03 -6.094980356280146388e-06 -1.748664338821361446e-08 -3.616593326142318432e-06 9.591799292163348379e-06
-5.956297549204308101e-06 1.620167182126832885e-10 -2.652833387842916097e-11 -2.373038090065474114e-10 -2.103470643151992947e-07 -7.301747252377935699e-11 -2.965894225010979462e-10 -5.588404434644993279e-07 -1.775161762913789856e-10 1.252843159291952488e-11 2.179578900165908128e-10 6.161737212300872402e-10 1.808955350539383894e-09 2.822009025503090837e-06 1.376232382888697264e-09 6.793079132926044223e-10 5.745496581590146085e-10 -5.301962022055591302e-07 -1.037969507363780198e-06 6.296087141309944722e-10 4.372041780695766118e-10 -1.082278318102669330e-10 -8.224394159205559498e-11 2.115799851696463674e-11 -8.784458376799474739e-11 -2.326017949338926631e-12 1.364586162683684735e-11 1.120858697638286305e-10 -9.564953817396324516e-12 4.043979264010225107e-10 -1.207789307452175715e-10 1.575332156076186236e-10 5.023340351283860259e-10 5.192731795419991855e-07 -5.240015628192976296e-07 3.385983933592842920e-11 2.023786757551061307e-11 4.031461876983465353e-11 7.142981502059057624e-11 1.764618005661645029e-10 -1.578189759948568311e-10 1.263697223264125072e-10 1.484563494160486719e-07 1.579498415800930911e-10 3.114374604533292714e-10 1.123621172261282204e-06 1.809216171608398968e-10 -4.363619112369230654e-11 -1.934700573909946715e-11 -2.296523289563088081e-10
6.447027855098661757e-08 -2.652833387842916097e-11 2.839523653823475661e-11 1.137277079318165873e-10 -4.458643511571460960e-08 5.227543189190169725e-11 1.308837744320655521e-10 7.239448481963859847e-07 -6.894913069713477304e-11 2.789570116314890849e-11 4.300093708428707245e-11 9.715067443294264580e-11 4.361474866791089729e-10 3.812635056732078862e-07 1.343475280541332338e-10 7.508663538045544010e-11 1.041380849851903665e-10 -1.164837178836322401e-07 -5.676266386937047521e-08 1.052689290961800356e-10 4.523207127648836558e-11 -5.509668836832979107e-11 2.585646437249308089e-11 -2.181919964937706228e-11 7.662910094816262269e-11 2.632332443985640765e-11 1.067157161412885197e-11 -3.963245335603457896e-11 1.593700407329860780e-11 -8.637862247667121216e-11 1.446553947128714557e-11 1.864126846375013296e-11 -4.944895295799295511e-11 3.254078342326096118e-08 1.396741362505864927e-07 -2.800085621435159668e-11 1.125063584940512329e-11 8.928271493031703636e-12 -1.943954522031278224e-11 -1.561843098460001573e-10 -2.204988924007724622e-12 -2.994339659458807863e-11 2.922325193055125642e-08 -6.853956221283412330e-12 -6.814852888785130739e-11 -3.883666536496069956e-07 -3.136185703002701298e-11 1.638578154391228084e-11 2.062906221785791400e-11 3.921063334554949206e-12
-8.274000004713329129e-06 -2.373038090065474114e-10 1.137277079318165873e-10 1.079317051421247710e-09 1.063138685710663260e-06 5.071036525014085050e-10 1.129587247223708870e-09 7.930531958166180047e-06 -6.145223154228965404e-10 1.504647236062362079e-10 5.788391781257042775e-10 1.235229782189255020e-09 5.931653987737994869e-09 6.125255894672026543e-06 2.876678825070440710e-09 1.084946982532834119e-09 1.372042568883124009e-09 -1.888165136313853378e-06 -3.102406150380866468e-06 2.252322241059149337e-09 8.854829174531724227e-10 -5.707078904123372274e-10 2.967796502538952566e-10 -1.542305029214307210e-10 3.927593622968867826e-10 3.433538140304614432e-10 9.747723640969834685e-11 -4.319634225621766546e-10 1.253859576672870962e-10 -5.909148072068874556e-10 9.774205650148359815e-11 2.143436583999363315e-10 -1.896618630693294099e-10 1.087037977938241182e-06 5.052807495134936066e-07 -2.737893976012417855e-10 -1.760737516614365394e-11 1.694360557362270273e-10 -1.136234529806162896e-10 -1.426643650983107335e-09 -1.274091094541208626e-10 -3.004946716421311873e-10 4.192761212910964685e-07 -8.837017556399225811e-11 -4.410364983872927781e-10 -3.119710598513006854e-06 -2.864396552133455023e-10 1.373709700690904843e-10 2.111082521320662939e-10 2.317080993949778265e-10
-1.782721399749474453e-02 -2.103470643151992947e-07 -4.458643511571460960e-08 1.063138685710663260e-06 2.554040338171956193e-03 5.143055141384089790e-07 9.952678857193640074e-07 8.998507233941178268e-03 -5.936933570218251464e-07 3.558981923338960699e-08 7.718889124099947400e-07 1.607100486245899277e-06 7.922540268002661293e-06 8.923162772237175355e-03 4.627593222832055435e-06 1.518795042084793486e-06 1.811534404073965256e-06 -2.740367516723164320e-03 -5.832194794820215467e-03 3.596312439946365454e-06 1.388044624792392306e-06 -6.297650592962014697e-07 3.443514534419150480e-07 -9.904917273178304144e-08 4.668638642277865756e-08 4.404786050141699675e-07 9.478546821618262245e-08 -4.829548987748676986e-07 9.832295388799735445e-08 -3.283092149932008840e-07 4.899803617048392071e-08 2.650201969224980206e-07 1.324890818792214090e-07 1.925696208773044604e-03 -3.720911067768943592e-04 -2.804718022085392418e-07 -1.457140642315896580e-07 2.600418334479578441e-07 -3.621270907933789485e-08 -1.362286898248714048e-06 -2.485772732201320846e-07 -3.075804880937810812e-07 5.770716411310417753e-04 -1.017110148585751752e-07 -2.046946192634042595e-07 -2.469108895690044509e-03 -2.623514929800131255e-07 1.159246841179730210e-07 2.261778284554483851e-07 4.146541123347490729e-07
-6.661624442416632032e-06 -7.301747252377935699e-11 5.227543189190169725e-11 5.071036525014085050e-10 5.143055141384089790e-07 2.520717080181564777e-10 5.140484676293009915e-10 4.151568049229810859e-06 -3.982626973928693568e-10 8.593210515048507952e-11 3.936364200856587128e-10 8.914538492685076869e-10 3.883715994119233749e-09 4.346135679475693837e-06 2.062425563493426868e-09 8.309311637085763280e-10 9.518070312008603316e-10 -1.223163976505065179e-06 -2.080007626431118508e-06 1.460777886309369817e-09 6.390413127019034163e-10 -3.502946870224558961e-10 1.352230661946556817e-10 -7.647234373121348046e-11 1.827652652882461865e-10 1.884964721546746845e-10 5.767091464486273275e-11 -1.988687567649575405e-10 6.558056668315645929e-11 -1.819486268167058929e-10 1.186825583601640652e-11 1.720098804303881644e-10 7.166024288690797583e-11 7.799535600589936636e-07 8.931676767120371080e-08 -1.384350278065539535e-10 -3.926030237760854435e-12 1.071696222723507336e-10 -3.690422619061256632e-11 -7.186829593724686269e-10 -1.246233582139251833e-10 -1.192482246698741092e-10 2.814950648144614741e-07 6.392099756798560753e-12 -1.308054205032894660e-10 -1.317388534771899426e-06 -9.390452612474994721e-11 5.984199696361569129e-11 1.090425612270668724e-10 4.891353337916836730e-11
-4.704597842196845620e-06 -2.965894225010979462e-10 1.308837744320655521e-10 1.129587247223708870e-09 9.952678857193640074e-07 5.140484676293009915e-10 1.212658726183532125e-09 7.726733000413640414e-06 -5.120033002444256748e-10 1.457319420691394717e-10 4.453915944732779811e-10 8.865174490929557911e-10 4.738581256066866840e-09 4.433577362163511279e-06 2.033035360777678249e-09 7.107729760164846536e-10 1.029212675647269895e-09 -1.516050290440561602e-06 -2.338288957806604684e-06 1.788998509639128298e-09 6.217174188598436956e-10 -4.938557592021536123e-10 3.175926005404114539e-10 -1.592959263812411295e-10 4.366736283899186234e-10 3.237054458754668027e-10 8.633840468829372303e-11 -4.590114225769164011e-10 1.266179032851153883e-10 -7.561018900999410447e-10 1.497327255978742809e-10 1.327052778611907966e-10 -4.202666389887879982e-10 7.560112827870158948e-07 7.664342404866822513e-07 -2.758927604480266174e-10 -1.783190074939948466e-11 1.378264671732042919e-10 -1.442200074725296955e-10 -1.439346757097726226e-09 -4.405073439744737532e-11 -3.370098523402417714e-10 3.242898389010807916e-07 -1.509843336353039902e-10 -5.681175860943025586e-10 -3.510707125145981068e-06 -3.525985450711097020e-10 1.510315450293367627e-10 2.088901563114860281e-10 3.086542770064877024e-10
-1.499880927192522861e-01 -5.588404434644993279e-07 7.239448481963859847e-07 7.930531958166180047e-06 8.998507233941178268e-03 4.151568049229810859e-06 7.726733000413640414e-06 7.176823852389793701e-02 -7.848347126179307506e-06 1.517192584902190725e-06 8.061013957685579260e-06 1.876375436127253091e-05 7.805663938142650598e-05 9.121365971405402673e-02 4.368484561788256465e-05 1.800230306665815254e-05 1.968499911269703840e-05 -2.453783795027770012e-02 -4.305509204497582482e-02 2.947075987099639395e-05 1.356119870677446005e-05 -6.729802757455953679e-06 2.061843855515766673e-06 -1.231822851480356614e-06 2.662348628167492838e-06 3.389734011246406276e-06 1.081745708390787495e-06 -3.060738970974643853e-06 1.106720196771555664e-06 -1.285365888036879961e-06 -3.522827232025741826e-07 3.780271283002700927e-06 3.681962865535738532e-06 1.661256858152870483e-02 -1.231565992897965672e-03 -2.310063115859152557e-06 -5.286028139974372478e-08 2.131102811845262170e-06 -2.943120254830192477e-07 -1.193170706631011025e-05 -2.979213449263439712e-06 -1.554745934589848853e-06 5.741707539167218224e-03 8.079471143228538524e-07 -8.008754619111867540e-07 -1.802651788282983933e-02 -8.483655302251663485e-07 8.557373757338706876e-07 1.857446208399677481e-06 -5.081648512942761601e-08
2.645026839893610499e-05 -1.775161762913789856e-10 -6.894913069713477304e-11 -6.145223154228965404e-10 -5.936933570218251464e-07 -3.982626973928693568e-10 -5.120033002444256748e-10 -7.848347126179307506e-06 1.245078091362560832e-09 -2.215705635547768656e-10 -1.305951232793464949e-09 -3.219731806293532719e-09 -1.216875690082780587e-08 -1.525308419867159567e-05 -7.288096538341573992e-09 -3.215869428670315980e-09 -3.260659668721524293e-09 3.735108066175059547e-06 6.554849166381145511e-06 -4.432252396956794888e-09 -2.283772230686738653e-09 9.894712211368472063e-10 -1.190433091542705032e-10 1.267570824564789676e-10 -2.368379468753926503e-10 -4.004540229080339560e-10 -1.554998193147504803e-10 1.957564759326275471e-10 -1.243259968415593777e-10 -4.337949200564133611e-10 2.248543294152905136e-10 -7.036290334207949801e-10 -1.190385807387842631e-09 -2.743204905344032760e-06 8.486179521160995441e-07 2.310766276912158138e-10 -4.183530389395647738e-11 -3.136288876086775103e-10 -6.409962893239796913e-11 1.207650257154501776e-09 5.967850598832294781e-10 -2.428382571937564186e-12 -9.179032026606312791e-07 -3.453685891392571471e-10 -3.512697255414595902e-10 5.628211338432201745e-07 -1.722136996533408409e-10 -4.090484490469796988e-11 -1.969497987879714005e-10 3.862698716200768023e-10
-3.718424117288977121e-06 1.252843159291952488e-11 2.789570116314890849e-11 1.504647236062362079e-10 3.558981923338960699e-08 8.593210515048507952e-11 1.457319420691394717e-10 1.517192584902190725e-06 -2.215705635547768656e-10 5.001275291586591847e-11 2.134701178114552599e-10 5.248756844134294366e-10 2.003923937710020803e-09 2.422111732683950581e-06 1.122917116756226404e-09 5.125434180521603716e-10 5.334154450859471471e-10 -5.990802974662690922e-07 -9.440626794864677784e-07 6.858755689429772532e-10 3.547333929010009691e-10 -1.750129328871092125e-10 2.883591793896952533e-11 -3.146206158427432867e-11 8.168314736966273449e-11 7.043509731396620945e-11 2.910083642835827471e-11 -4.707965866866535857e-11 2.701907839720233492e-11 1.650939774812944032e-11 -2.600749913562434242e-11 1.142993853337832964e-10 1.477946873140054496e-10 4.094832720610593183e-07 -3.723669482184955882e-08 -4.833217064715774320e-11 1.563737888036977897e-11 4.953782824431325866e-11 -1.867866418607622698e-12 -2.613019199239011820e-10 -8.855564580166229962e-11 -1.543648323348143696e-11 1.493456028945612678e-07 4.908661905567051068e-11 1.222379026926229936e-11 -2.902012981386900925e-07 9.873997215697840403e-12 1.486929812597270684e-11 3.944734510875041324e-11 -6.127806247865927995e-11
-2.957126164086495434e-05 2.179578900165908128e-10 4.300093708428707245e-11 5.788391781257042775e-10 7.718889124099947400e-07 3.936364200856587128e-10 4.453915944732779811e-10 8.061013957685579260e-06 -1.305951232793464949e-09 2.134701178114552599e-10 1.406577523612137088e-09 3.469680688153226978e-09 1.308784820154803614e-08 1.655917146340380700e-05 7.974168449123445702e-09 3.487697049220912653e-09 3.512774165041275385e-09 -4.043627859974404753e-06 -7.283305946903805727e-06 4.843443080699989233e-09 2.493710902356582911e-09 -1.042250462949300248e-09 1.112484196816068176e-10 -1.179247386410395130e-10 1.769247904802014620e-10 4.221333106701914306e-10 1.616073252547613391e-10 -1.839860770553438693e-10 1.215158833929508502e-10 5.618769152226845031e-10 -2.614563835734474902e-10 7.588498700791957820e-10 1.364195802275322825e-09 3.026170776730871068e-06 -1.094048743002962629e-06 -2.303271546374768651e-10 3.007102122581419446e-11 3.413264560873043853e-10 9.065206383730433417e-11 -1.190662752960034544e-09 -6.592564240458785488e-10 2.667654792933337494e-11 9.907853603650702969e-07 3.838332094933539290e-10 4.538236856559574998e-10 -2.572316096327889280e-07 2.162724476113258063e-10 3.007941071276748122e-11 1.995377685883319982e-10 -4.172116233496878763e-10
-7.335974358082428769e-05 6.161737212300872402e-10 9.715067443294264580e-11 1.235229782189255020e-09 1.607100486245899277e-06 8.914538492685076869e-10 8.865174490929557911e-10 1.876375436127253091e-05 -3.219731806293532719e-09 5.248756844134294366e-10 3.469680688153226978e-09 8.618956151054219559e-09 3.214490767753988876e-08 4.098024677626548268e-05 1.971059047595075314e-08 8.698590174651970685e-09 8.692247462547604929e-09 -9.890851325170184978e-06 -1.776181231257063393e-05 1.181685004672203565e-08 6.172855614878495574e-09 -2.543914665230007242e-09 2.054830519419033591e-10 -2.726654687218780857e-10 3.905886364312670071e-10 9.928068305163227779e-10 3.950351951260184965e-10 -3.598365128925313167e-10 2.833781816635420681e-10 1.572533964620783318e-09 -6.965490763623238210e-10 1.902038047547530230e-09 3.540274808319249997e-09 7.466100216079120833e-06 -2.865998197892649786e-06 -5.253253680853065663e-10 9.565541907078218851e-11 8.313621930226130288e-10 2.545289122960909975e-10 -2.730789757664972118e-09 -1.661329306025085018e-09 1.372862041095915352e-10 2.441204830125644599e-06 1.013041883108675797e-09 1.253372954866112356e-09 5.718862513785094578e-08 6.263266472211263483e-10 4.619895655104821202e-11 4.612251782403947788e-10 -1.153017080541202184e-09
-2.734574851112497895e-04 1.808955350539383894e-09 4.361474866791089729e-10 5.931653987737994869e-09 7.922540268002661293e-06 3.883715994119233749e-09 4.738581256066866840e-09 7.805663938142650598e-05 -1.216875690082780587e-08 2.003923937710020803e-09 1.308784820154803614e-08 3.214490767753988876e-08 1.221919397942923121e-07 1.537320029840569420e-04 7.404390573340588346e-08 3.222016347937096007e-08 3.263699413391423583e-08 -3.782419788311813097e-05 -6.811424548756928358e-05 4.535057958811953432e-08 2.314036715815658101e-08 -9.777203639956124881e-09 1.199768435809973438e-09 -1.156603127007814137e-09 1.792828054440099250e-09 4.041776853963947831e-09 1.522449841722594693e-09 -1.945533707938300491e-09 1.169896247178546598e-09 4.719772516312529109e-09 -2.302827132937778922e-09 6.988818460828167884e-09 1.222501213835191560e-08 2.812752158067451138e-05 -9.672867688888373935e-06 -2.255266661560313498e-09 2.391987989448518653e-10 3.203556305750204043e-09 7.546615721016238017e-10 -1.166294223433987015e-08 -6.048425802432955600e-09 3.216000226739849854e-11 9.233459422624422695e-06 3.396509086165728936e-09 3.833593194577631714e-09 -4.244325885327932138e-06 1.763773524825162026e-09 3.585028076030327364e-10 1.939075874545001669e-09 -3.578643591100969565e-09
-3.527584132560340202e-01 2.822009025503090837e-06 3.812635056732078862e-07 6.125255894672026543e-06 8.923162772237175355e-03 4.346135679475693837e-06 4.433577362163511279e-06 9.121365971405402673e-02 -1.525308419867159567e-05 2.422111732683950581e-06 1.655917146340380700e-05 4.098024677626548268e-05 1.537320029840569420e-04 1.956836966149184398e-01 9.439672616876396399e-05 4.134005462531519708e-05 4.141445802937541407e-05 -4.751035475345141701e-02 -8.612291223320886480e-02 5.700223246983641821e-05 2.952179061252352589e-05 -1.213196340000793867e-05 1.106449815109005175e-06 -1.285795791548216999e-06 1.715121475289893187e-06 4.836695323359005465e-06 1.874956158612220209e-06 -1.877266329518308724e-06 1.352145276222484067e-06 7.332524404638036571e-06 -3.252475396835542409e-06 8.999577270242797031e-06 1.670946794122998673e-05 3.588037765141257468e-02 -1.385737288628752055e-02 -2.557700592007935551e-06 3.434732623911248935e-07 4.009509040894239020e-06 1.206684023906525985e-06 -1.320788339246545995e-05 -7.892431918106372914e-06 5.449580895680096871e-07 1.166674759713768814e-02 4.695394328767223534e-06 5.887230050148891126e-06 -3.738877121570344545e-04 2.845676535911399225e-06 2.473425341549555956e-07 2.240983893056191458e-06 -5.171698799490457016e-06
-1.716274705014637870e-04 1.376232382888697264e-09 1.343475280541332338e-10 2.876678825070440710e-09 4.627593222832055435e-06 2.062425563493426868e-09 2.033035360777678249e-09 4.368484561788256465e-05 -7.288096538341573992e-09 1.122917116756226404e-09 7.974168449123445702e-09 1.971059047595075314e-08 7.404390573340588346e-08 9.439672616876396399e-05 4.565732360951782507e-08 1.990506720264686230e-08 1.992859074195958645e-08 -2.295345085223294987e-05 -4.197560336968191903e-05 2.763306584286162189e-08 1.426557056891013603e-08 -5.812122963117952616e-09 5.352532702575864990e-10 -5.929012930504160178e-10 7.096652782825179207e-10 2.336032660748055108e-09 8.923992172644543425e-10 -8.995328151119066001e-10 6.376645105364593823e-10 3.619433006131874894e-09 -1.576580063001057799e-09 4.322100024292969649e-09 8.115617250568010962e-09 1.740191493843758227e-05 -6.921197983185855015e-06 -1.217717550525752951e-09 1.273057047649081806e-10 1.940998309723904003e-09 6.064938157621458919e-10 -6.249428104242928872e-09 -3.812800379476998869e-09 2.816912662454167128e-10 5.621232617964909137e-06 2.254649771056075420e-09 2.918949301747994266e-09 1.348945756788985067e-07 1.386407768298882562e-09 1.056534674625411194e-10 1.070190851396507589e-09 -2.439382710862656923e-09
-7.458519743192717588e-05 6.793079132926044223e-10 7.508663538045544010e-11 1.084946982532834119e-09 1.518795042084793486e-06 8.309311637085763280e-10 7.107729760164846536e-10 1.800230306665815254e-05 -3.215869428670315980e-09 5.125434180521603716e-10 3.487697049220912653e-09 8.698590174651970685e-09 3.222016347937096007e-08 4.134005462531519708e-05 1.990506720264686230e-08 8.810960355937952474e-09 8.752722436319789968e-09 -9.905798028431095017e-06 -1.786313683197354876e-05 1.184254905895793747e-08 6.235849107089142423e-09 -2.528621477504809142e-09 1.583171655260012184e-10 -2.531838484043954149e-10 3.230779720709048134e-10 9.655749950366255166e-10 3.915442329324079510e-10 -2.936018535549337623e-10 2.688781997282562806e-10 1.739591842428329427e-09 -7.400595823560499742e-10 1.929537788174074295e-09 3.703940711215526184e-09 7.545253445836185836e-06 -3.076518274564589925e-06 -4.934318455450892450e-10 9.995343665207829728e-11 8.314993420331066820e-10 2.855439338920522964e-10 -2.565598947553430932e-09 -1.698829919841926892e-09 1.929076849712502366e-10 2.453206015069486327e-06 1.062801107383763455e-09 1.378634264593999179e-09 6.446263864005496405e-07 6.996812485602566708e-10 2.264158871843757627e-11 4.389826816418591286e-10 -1.230037653666970547e-09
-7.396559805372548036e-05 5.745496581590146085e-10 1.041380849851903665e-10 1.372042568883124009e-09 1.811534404073965256e-06 9.518070312008603316e-10 1.029212675647269895e-09 1.968499911269703840e-05 -3.260659668721524293e-09 5.334154450859471471e-10 3.512774165041275385e-09 8.692247462547604929e-09 3.263699413391423583e-08 4.141445802937541407e-05 1.992859074195958645e-08 8.752722436319789968e-09 8.787703682218514136e-09 -1.006188933928270036e-05 -1.808308431800662697e-05 1.203605038832297309e-08 6.236875667751491918e-09 -2.592409488033878691e-09 2.466516461028292546e-10 -2.883427473950505768e-10 4.241166801883006106e-10 1.032068400071979645e-09 4.035102664870148604e-10 -4.182942415427196328e-10 2.957202678549562712e-10 1.478917584170768592e-09 -6.754885046549274111e-10 1.908455073512655976e-09 3.479364181511851113e-09 7.556940145279259835e-06 -2.795864213619881454e-06 -5.571746733611815932e-10 8.597578191226460179e-11 8.482916395687922351e-10 2.384419411437918128e-10 -2.893279101705686007e-09 -1.662345990321997504e-09 9.115112622174021996e-11 2.474601013131675678e-06 9.854797222891989633e-10 1.183331266306249127e-09 -3.554377671821736107e-07 5.777566191727673954e-10 6.418319756214776525e-11 4.855345033311614457e-10 -1.095179386505955911e-09
8.513859580663876714e-02 -5.301962022055591302e-07 -1.164837178836322401e-07 -1.888165136313853378e-06 -2.740367516723164320e-03 -1.223163976505065179e-06 -1.516050290440561602e-06 -2.453783795027770012e-02 3.735108066175059547e-06 -5.990802974662690922e-07 -4.043627859974404753e-06 -9.890851325170184978e-06 -3.782419788311813097e-05 -4.751035475345141701e-02 -2.295345085223294987e-05 -9.905798028431095017e-06 -1.006188933928270036e-05 1.176530109892250098e-02 2.139868525976456118e-02 -1.416732581434719173e-05 -7.162583052959375534e-06 3.019236259909341707e-06 -4.059752047395278494e-07 3.531402511426901198e-07 -5.205536462057849904e-07 -1.276266522638981183e-06 -4.666275605564744743e-07 6.453845509788803626e-07 -3.630280783114028801e-07 -1.410928711296280245e-06 6.909697376334900631e-07 -2.138764679617094049e-06 -3.725068015095301202e-06 -8.749139122164292098e-03 3.028507867696629552e-03 7.109089840999372070e-07 -4.365684351313314643e-08 -9.998750363292501999e-07 -2.305813641905349417e-07 3.648910301974597282e-06 1.857171694788878845e-06 1.349384631826440492e-08 -2.855213094801305369e-03 -1.013945232441243933e-06 -1.163228224106541323e-06 1.495814471497485193e-03 -5.079751861503972979e-07 -1.176287411527526123e-07 -6.098174517557673263e-07 1.020523662206154775e-06
1.589407981490909283e-01 -1.037969507363780198e-06 -5.676266386937047521e-08 -3.102406150380866468e-06 -5.832194794820215467e-03 -2.080007626431118508e-06 -2.338288957806604684e-06 -4.305509204497582482e-02 6.554849166381145511e-06 -9.440626794864677784e-07 -7.283305946903805727e-06 -1.776181231257063393e-05 -6.811424548756928358e-05 -8.612291223320886480e-02 -4.197560336968191903e-05 -1.786313683197354876e-05 -1.808308431800662697e-05 2.139868525976456118e-02 4.005693899168156352e-02 -2.604905494977058497e-05 -1.305999544345306097e-05 5.335459157653446914e-06 -7.172639202353221481e-07 5.475098203667590120e-07 -5.633162704111673817e-07 -2.305412718651356221e-06 -8.055476112935077950e-07 1.118784115324648103e-06 -6.071958797809395661e-07 -2.879819961108110024e-06 1.292881750402365653e-06 -3.825753803254045609e-06 -6.982204743337312859e-06 -1.614093149213077782e-02 6.283108382073284391e-03 1.222928877906295828e-06 3.517321568356927901e-08 -1.828837123997720376e-06 -5.049278116866836904e-07 6.155584213579810355e-06 3.393504887932144339e-06 -6.497046226798126676e-08 -5.150011201907073871e-03 -1.828761236183543525e-06 -2.408331958404602203e-06 1.486369845337263268e-03 -9.971947971023309320e-07 -1.600833258969156498e-07 -1.060100467917703153e-06 1.721316046407772369e-06
-1.031760462031228734e-04 6.296087141309944722e-10 1.052689290961800356e-10 2.252322241059149337e-09 3.596312439946365454e-06 1.460777886309369817e-09 1.788998509639128298e-09 2.947075987099639395e-05 -4.432252396956794888e-09 6.858755689429772532e-10 4.843443080699989233e-09 1.181685004672203565e-08 4.535057958811953432e-08 5.700223246983641821e-05 2.763306584286162189e-08 1.184254905895793747e-08 1.203605038832297309e-08 -1.416732581434719173e-05 -2.604905494977058497e-05 1.713537144706465467e-08 8.611337745873585804e-09 -3.600264720832924626e-09 5.027556495628236599e-10 -4.079078959439263734e-10 5.475077230247478113e-10 1.544148387241207230e-09 5.523498483740109810e-10 -7.902427769239945062e-10 4.280510240552510711e-10 1.713570377790199758e-09 -8.240635567090354460e-10 2.546504347677802499e-09 4.473851559671182197e-09 1.057140381231952960e-05 -3.773598816399503627e-06 -8.506430705207823646e-10 1.923868864902855424e-11 1.207818431777205516e-09 2.879566009976583058e-10 -4.336142835768957225e-09 -2.226164716545374086e-09 -1.946382388047009488e-11 3.423362537834289405e-06 1.194373861592656149e-09 1.424648550672895081e-09 -1.712210056316771418e-06 5.992416003080561056e-10 1.373584994078944672e-10 7.307497262141097500e-10 -1.156811431950166410e-09
-5.356330658838729552e-05 4.372041780695766118e-10 4.523207127648836558e-11 8.854829174531724227e-10 1.388044624792392306e-06 6.390413127019034163e-10 6.217174188598436956e-10 1.356119870677446005e-05 -2.283772230686738653e-09 3.547333929010009691e-10 2.493710902356582911e-09 6.172855614878495574e-09 2.314036715815658101e-08 2.952179061252352589e-05 1.426557056891013603e-08 6.235849107089142423e-09 6.236875667751491918e-09 -7.162583052959375534e-06 -1.305999544345306097e-05 8.611337745873585804e-09 4.459499299794300800e-09 -1.817224928689712302e-09 1.592452943670397901e-10 -1.858040173150971672e-10 2.267412514607672491e-10 7.243496713512895528e-10 2.797598161847256342e-10 -2.710649112203847388e-10 1.985782084813123330e-10 1.144739574116497888e-09 -4.979917984927773611e-10 1.356008290740904214e-09 2.551354304870968439e-09 5.431751522235531420e-06 -2.161359616522835119e-06 -3.772323773248997631e-10 4.556041270374083837e-11 6.050414997976247559e-10 1.908292552523396318e-10 -1.941760757069943667e-09 -1.195399909398483192e-09 9.356091480839306177e-11 1.757546750789848351e-06 7.127515670087947659e-10 9.197771208274097356e-10 9.184149768620886413e-08 4.422641870524604663e-10 3.118950773809766541e-11 3.320355504520913774e-10 -7.809050785125564276e-10
2.102456653582047136e-05 -1.082278318102669330e-10 -5.509668836832979107e-11 -5.707078904123372274e-10 -6.297650592962014697e-07 -3.502946870224558961e-10 -4.938557592021536123e-10 -6.729802757455953679e-06 9.894712211368472063e-10 -1.750129328871092125e-10 -1.042250462949300248e-09 -2.543914665230007242e-09 -9.777203639956124881e-09 -1.213196340000793867e-05 -5.812122963117952616e-09 -2.528621477504809142e-09 -2.592409488033878691e-09 3.019236259909341707e-06 5.335459157653446914e-06 -3.600264720832924626e-09 -1.817224928689712302e-09 7.993773130730329425e-10 -1.224329559207691104e-10 1.078786108925693875e-10 -2.006186150928892385e-10 -3.390438798143007606e-10 -1.258227138731636802e-10 1.938347056174442246e-10 -1.045770014169898859e-10 -2.729871869857836770e-10 1.593185194264952061e-10 -5.486176630967143349e-10 -8.813780817229915097e-10 -2.196822550660263174e-06 6.207190321943844774e-07 2.012371582443698280e-10 -2.336717178550803630e-11 -2.555906044224058343e-10 -3.947732299942429660e-11 1.045893335392861638e-09 4.632924547447254317e-10 3.027400987593737465e-11 -7.348663474857861525e-07 -2.471707790762278488e-10 -2.256651630917479402e-10 7.170442145661402589e-07 -9.900310626394516861e-11 -4.391205673519019702e-11 -1.695846607537654890e-10 2.539033981694334021e-10
-1.438623115841562356e-06 -8.224394159205559498e-11 2.585646437249308089e-11 2.967796502538952566e-10 3.443514534419150480e-07 1.352230661946556817e-10 3.175926005404114539e-10 2.061843855515766673e-06 -1.190433091542705032e-10 2.883591793896952533e-11 1.112484196816068176e-10 2.054830519419033591e-10 1.199768435809973438e-09 1.106449815109005175e-06 5.352532702575864990e-10 1.583171655260012184e-10 2.466516461028292546e-10 -4.059752047395278494e-07 -7.172639202353221481e-07 5.027556495628236599e-10 1.592452943670397901e-10 -1.224329559207691104e-10 9.376373870584870749e-11 -3.733794500534045251e-11 9.712654788221657888e-11 9.203335161707912156e-11 1.914559939682946112e-11 -1.317787342099593926e-10 3.320525014976433167e-11 -2.045181521813865958e-10 4.548503694824517721e-11 2.548424571548192323e-11 -1.231433925686636336e-10 2.091565781730339841e-07 1.747694851046799916e-07 -7.414798710393863515e-11 -1.583937638366988986e-11 3.752529768971858598e-11 -3.643653144480022480e-11 -3.713491145124397415e-10 -5.710420280893047915e-12 -8.815316917456729287e-11 8.058756273476845052e-08 -4.918909819026950920e-11 -1.458509347243964957e-10 -9.430032880365421423e-07 -1.002268530645293533e-10 3.963327711940316722e-11 5.588063581735250167e-11 1.076479703906967796e-10
1.777708923960363850e-06 2.115799851696463674e-11 -2.181919964937706228e-11 -1.542305029214307210e-10 -9.904917273178304144e-08 -7.647234373121348046e-11 -1.592959263812411295e-10 -1.231822851480356614e-06 1.267570824564789676e-10 -3.146206158427432867e-11 -1.179247386410395130e-10 -2.726654687218780857e-10 -1.156603127007814137e-09 -1.285795791548216999e-06 -5.929012930504160178e-10 -2.531838484043954149e-10 -2.883427473950505768e-10 3.531402511426901198e-07 5.475098203667590120e-07 -4.079078959439263734e-10 -1.858040173150971672e-10 1.078786108925693875e-10 -3.733794500534045251e-11 2.572446138899324682e-11 -6.835041894350161709e-11 -5.354104866291516468e-11 -1.858629174705864001e-11 5.633802868541009028e-11 -2.073636466972271389e-11 5.887831288595513218e-11 -2.822078900666250563e-12 -5.430901114944378939e-11 -1.927613343111834817e-11 -2.173357215720820574e-07 -5.318474106513371313e-08 4.160670942433231843e-11 -4.814427251551583774e-12 -3.034773507323797209e-11 1.322340171628478848e-11 2.220193938335130207e-10 3.718166545365684072e-11 3.567736647730740644e-11 -8.387935575965682374e-08 -5.371922496052763410e-12 4.525115272109164699e-11 4.088574245372726237e-07 2.661443082673467872e-11 -1.862746528454538244e-11 -3.262631346600690544e-11 -2.907215314917217565e-12
-1.097303676869830686e-06 -8.784458376799474739e-11 7.662910094816262269e-11 3.927593622968867826e-10 4.668638642277865756e-08 1.827652652882461865e-10 4.366736283899186234e-10 2.662348628167492838e-06 -2.368379468753926503e-10 8.168314736966273449e-11 1.769247904802014620e-10 3.905886364312670071e-10 1.792828054440099250e-09 1.715121475289893187e-06 7.096652782825179207e-10 3.230779720709048134e-10 4.241166801883006106e-10 -5.205536462057849904e-07 -5.633162704111673817e-07 5.475077230247478113e-10 2.267412514607672491e-10 -2.006186150928892385e-10 9.712654788221657888e-11 -6.835041894350161709e-11 2.203890268227711657e-10 1.053784924929146757e-10 3.656107644087358092e-11 -1.450863339850312137e-10 5.259455251432462000e-11 -2.644994401837475789e-10 4.368070577684856365e-11 7.245052309717649726e-11 -1.270249986932101248e-10 2.278513834504759768e-07 3.675080597438326632e-07 -9.864427521009984363e-11 2.293733021880958032e-11 4.311638578083028622e-11 -5.700679834901371682e-11 -5.339533873555606642e-10 -2.405940127743618562e-11 -1.035956680597780583e-10 1.232372801681074959e-07 -2.415203064879182477e-11 -2.052685082436773504e-10 -1.264326939495527727e-06 -1.051733818980385748e-10 5.399274017689710169e-11 7.390454021313420819e-11 3.720301794638327270e-11
-8.330275212422287397e-06 -2.326017949338926631e-12 2.632332443985640765e-11 3.433538140304614432e-10 4.404786050141699675e-07 1.884964721546746845e-10 3.237054458754668027e-10 3.389734011246406276e-06 -4.004540229080339560e-10 7.043509731396620945e-11 4.221333106701914306e-10 9.928068305163227779e-10 4.041776853963947831e-09 4.836695323359005465e-06 2.336032660748055108e-09 9.655749950366255166e-10 1.032068400071979645e-09 -1.276266522638981183e-06 -2.305412718651356221e-06 1.544148387241207230e-09 7.243496713512895528e-10 -3.390438798143007606e-10 9.203335161707912156e-11 -5.354104866291516468e-11 1.053784924929146757e-10 1.674035413405757008e-10 5.241806259345009754e-11 -1.358028249185151951e-10 5.213559463744218525e-11 9.769435905669142183e-13 -3.332035129634072768e-11 2.034403324437277612e-10 2.532296034881849606e-10 8.927254511598388658e-07 -1.591080632641890349e-07 -1.070493530833397806e-10 -5.244758379188374738e-12 1.101367098570928599e-10 -1.730895606594023441e-12 -5.434595008500377313e-10 -1.663852364560585050e-10 -5.326977829976096284e-11 2.990030976742270312e-07 6.009912448388402706e-11 1.478619306030159039e-11 -6.991868462050222568e-07 -1.521049165368654960e-11 3.410028442971059558e-11 8.711927331722735065e-11 -2.611320277378931357e-11
-3.166811652208709583e-06 1.364586162683684735e-11 1.067157161412885197e-11 9.747723640969834685e-11 9.478546821618262245e-08 5.767091464486273275e-11 8.633840468829372303e-11 1.081745708390787495e-06 -1.554998193147504803e-10 2.910083642835827471e-11 1.616073252547613391e-10 3.950351951260184965e-10 1.522449841722594693e-09 1.874956158612220209e-06 8.923992172644543425e-10 3.915442329324079510e-10 4.035102664870148604e-10 -4.666275605564744743e-07 -8.055476112935077950e-07 5.523498483740109810e-10 2.797598161847256342e-10 -1.258227138731636802e-10 1.914559939682946112e-11 -1.858629174705864001e-11 3.656107644087358092e-11 5.241806259345009754e-11 2.054603099109318333e-11 -3.113738838824839362e-11 1.656743243284588970e-11 3.491265790774729445e-11 -2.380758846865313794e-11 8.521250725213138635e-11 1.307289709378683747e-10 3.359172490623954971e-07 -8.202208537625844962e-08 -3.240612362796705336e-11 5.272432415099118373e-12 3.962116752031277689e-11 4.308515605451109924e-12 -1.723486290465655977e-10 -7.132063513031195652e-11 -8.953365515375427717e-12 1.145035038103431340e-07 3.695244361572052318e-11 2.719284496601305455e-11 -1.356011930183081768e-07 1.259283296474532872e-11 8.111276297550818405e-12 2.724358644076443335e-11 -3.944958378482433343e-11
2.504908682742106620e-06 1.120858697638286305e-10 -3.963245335603457896e-11 -4.319634225621766546e-10 -4.829548987748676986e-07 -1.988687567649575405e-10 -4.590114225769164011e-10 -3.060738970974643853e-06 1.957564759326275471e-10 -4.707965866866535857e-11 -1.839860770553438693e-10 -3.598365128925313167e-10 -1.945533707938300491e-09 -1.877266329518308724e-06 -8.995328151119066001e-10 -2.936018535549337623e-10 -4.182942415427196328e-10 6.453845509788803626e-07 1.118784115324648103e-06 -7.902427769239945062e-10 -2.710649112203847388e-10 1.938347056174442246e-10 -1.317787342099593926e-10 5.633802868541009028e-11 -1.450863339850312137e-10 -1.358028249185151951e-10 -3.113738838824839362e-11 1.868590840182518462e-10 -4.893455138962324190e-11 2.785858893252745744e-10 -5.808588872505013557e-11 -5.196805589151176483e-11 1.471928067091289002e-10 -3.476131779459627533e-07 -2.352623026433689999e-07 1.086620532820019285e-10 1.906753549092214593e-11 -5.903564945641627650e-11 5.049185869153322012e-11 5.500058182180153916e-10 2.154436482786059983e-11 1.256047298110700753e-10 -1.332198495012030327e-07 6.085073928107922463e-11 2.002121431705216827e-10 1.335225118787345286e-06 1.365326931164872861e-10 -5.682456716963831994e-11 -8.248751300451725583e-11 -1.385146435555748956e-10
-2.100936806242187444e-06 -9.564953817396324516e-12 1.593700407329860780e-11 1.253859576672870962e-10 9.832295388799735445e-08 6.558056668315645929e-11 1.266179032851153883e-10 1.106720196771555664e-06 -1.243259968415593777e-10 2.701907839720233492e-11 1.215158833929508502e-10 2.833781816635420681e-10 1.169896247178546598e-09 1.352145276222484067e-06 6.376645105364593823e-10 2.688781997282562806e-10 2.957202678549562712e-10 -3.630280783114028801e-07 -6.071958797809395661e-07 4.280510240552510711e-10 1.985782084813123330e-10 -1.045770014169898859e-10 3.320525014976433167e-11 -2.073636466972271389e-11 5.259455251432462000e-11 5.213559463744218525e-11 1.656743243284588970e-11 -4.893455138962324190e-11 1.904401179239978252e-11 -2.989830920470935370e-11 -2.946268225789881463e-12 5.748742235908312164e-11 4.637745258162960010e-11 2.373350729884804851e-07 6.950302258157325747e-09 -3.697166759797474758e-11 2.183779235817670715e-12 3.085869425971018726e-11 -7.038748617329935141e-12 -1.905021254184814189e-10 -4.228956522063177589e-11 -2.286651299536116889e-11 8.528205158557116979e-08 1.279580225726005655e-11 -1.933469710991630252e-11 -3.133335238191903211e-07 -1.485777515897034496e-11 1.421469826587940541e-11 2.923897488633025893e-11 -4.125603532220573997e-12
-1.588497545564604554e-05 4.043979264010225107e-10 -8.637862247667121216e-11 -5.909148072068874556e-10 -3.283092149932008840e-07 -1.819486268167058929e-10 -7.561018900999410447e-10 -1.285365888036879961e-06 -4.337949200564133611e-10 1.650939774812944032e-11 5.618769152226845031e-10 1.572533964620783318e-09 4.719772516312529109e-09 7.332524404638036571e-06 3.619433006131874894e-09 1.739591842428329427e-09 1.478917584170768592e-09 -1.410928711296280245e-06 -2.879819961108110024e-06 1.713570377790199758e-09 1.144739574116497888e-09 -2.729871869857836770e-10 -2.045181521813865958e-10 5.887831288595513218e-11 -2.644994401837475789e-10 9.769435905669142183e-13 3.491265790774729445e-11 2.785858893252745744e-10 -2.989830920470935370e-11 1.041144994158763319e-09 -3.088691492918731432e-10 3.973861955159984887e-10 1.290968620703210221e-09 1.388837908882804018e-06 -1.411677406393622523e-06 8.591131514605775609e-11 3.629389815606808834e-11 1.110765094142884082e-10 1.872758786067538949e-10 4.500887411793069691e-10 -4.089350335038298246e-10 3.076486451505607576e-10 3.881185981433917794e-07 3.902324290331218426e-10 8.001621572940467108e-10 2.901585055605017833e-06 4.535570974890604107e-10 -1.112873333166699702e-10 -4.770733634696741175e-11 -5.512265561056176986e-10
6.379910910102447448e-06 -1.207789307452175715e-10 1.446553947128714557e-11 9.774205650148359815e-11 4.899803617048392071e-08 1.186825583601640652e-11 1.497327255978742809e-10 -3.522827232025741826e-07 2.248543294152905136e-10 -2.600749913562434242e-11 -2.614563835734474902e-10 -6.965490763623238210e-10 -2.302827132937778922e-09 -3.252475396835542409e-06 -1.576580063001057799e-09 -7.400595823560499742e-10 -6.754885046549274111e-10 6.909697376334900631e-07 1.292881750402365653e-06 -8.240635567090354460e-10 -4.979917984927773611e-10 1.593185194264952061e-10 4.548503694824517721e-11 -2.822078900666250563e-12 4.368070577684856365e-11 -3.332035129634072768e-11 -2.380758846865313794e-11 -5.808588872505013557e-11 -2.946268225789881463e-12 -3.088691492918731432e-10 1.014372678319379931e-10 -1.669934087733668909e-10 -4.418833707621083271e-10 -5.980315478494394893e-07 4.331610150037610627e-07 -2.448233173364177814e-12 -1.609576905009778507e-11 -5.605776970810615672e-11 -5.367428212002700610e-11 -8.089058098124494361e-12 1.599710400901706198e-10 -7.863241266021396086e-11 -1.824576986834769679e-07 -1.334643054802696658e-10 -2.360273192411194988e-10 -7.076126396933855238e-07 -1.341623377994629311e-10 2.509317476983549353e-11 -4.689041564635202036e-12 1.831023016725558408e-10
